1|1|6|2020|June
2|2|6|2020|June
3|3|6|2020|June
4|4|6|2020|June
5|5|6|2020|June
6|6|6|2020|June
7|7|6|2020|June
8|8|6|2020|June
9|9|6|2020|June
10|10|6|2020|June
11|11|6|2020|June
12|12|6|2020|June
13|13|6|2020|June
14|14|6|2020|June
15|15|6|2020|June
16|16|6|2020|June
17|17|6|2020|June
18|18|6|2020|June
19|19|6|2020|June
20|20|6|2020|June
21|21|6|2020|June
22|22|6|2020|June
23|23|6|2020|June
24|24|6|2020|June
25|25|6|2020|June
26|26|6|2020|June
27|27|6|2020|June
28|28|6|2020|June
29|29|6|2020|June
30|30|6|2020|June
31|1|7|2020|July
32|2|7|2020|July
33|3|7|2020|July
34|4|7|2020|July